{"camera_angle_x": 0.6895459210363981, "camera_angle_y": 0.6895459210363981, "fl_x": 1113.8455983417966, "fl_y": 1113.8455983417966, "k1": -0.04652707719699164, "k2": 0, "p1": 0, "p2": 0, "cx": 400.0, "cy": 400.0, "w": 800.0, "h": 800.0, "aabb_scale": 1, "frames": [{"file_path": "./train/r_0.png", "sharpness": 300.95095625, "transform_matrix": [[-0.20025357707688216, -0.8486680847682171, -0.4895518223623821, -1.9497400592172947], [-0.9797438645495191, 0.17381009686131121, 0.09945858488152697, 0.3961858791672893], [0.0006817229182744522, 0.49955233173211105, -0.8662834427192094, -3.454057339898501], [0.0, 0.0, 0.0, 1.0]]}, {"file_path": "./train/r_10.png", "sharpness": 373.506934375, "transform_matrix": [[0.9997069357372931, -0.021237850124691184, -0.011618794059757114, -0.04577537976725196], [-0.024202691682145817, -0.866487738131336, -0.4986113008981866, -1.9668144660341895], [0.0005218894943001257, 0.4987463818352585, -0.8667478146797756, -3.422582410393413], [0.0, 0.0, 0.0, 1.0]]}, {"file_path": "./train/r_100.png", "sharpness": 481.80243125, "transform_matrix": [[-0.9996209791911438, 0.015868925868329983, 0.02249611449327092, 0.09118220436425178], [0.02739959366469756, 0.49405172538848685, 0.8690006645035837, 3.5093041239567646], [0.0026758629445995537, 0.8692876795649775, -0.4942992716246009, -1.9968735417783137], [0.0, 0.0, 0.0, 1.0]]}, {"file_path": "./train/r_1.png", "sharpness": 307.5935125, "transform_matrix": [[-0.02987332333526227, -0.8653102309347892, -0.5003456693197802, -1.9980201257008965], [-0.9995536725855543, 0.025760858148677825, 0.015127253821361427, 0.059837799224900894], [-0.0002004336849193069, 0.500574252675444, -0.865693581701592, -3.4621037202364193], [0.0, 0.0, 0.0, 1.0]]}, {"file_path": "./train/r_102.png", "sharpness": 401.75194375, "transform_matrix": [[-0.9477879204045855, -0.15760064648193103, -0.277236531103314, -1.1352112210609109], [-0.31889841321890655, 0.4721092115667298, 0.8218373892688905, 3.3625373150276556], [0.0013638162648812692, 0.8673378399410564, -0.49771800392004095, -2.036871630440394], [0.0, 0.0, 0.0, 1.0]]}, {"file_path": "./train/r_101.png", "sharpness": 415.283796875, "transform_matrix": [[-0.9886389606526949, -0.0722054077547184, -0.13183089389480904, -0.5377811531939876], [-0.15029090077073415, 0.4887310834405002, 0.8593919787993122, 3.5020191715351903], [0.0023771073538010916, 0.8694413765062773, -0.4940304061432564, -2.013423360785795], [0.0, 0.0, 0.0, 1.0]]}, {"file_path": "./train/r_103.png", "sharpness": 430.224671875, "transform_matrix": [[-0.8771948674087822, -0.2390290714832217, -0.4164063731406239, -1.6905087710120459], [-0.4801285836715161, 0.4410107005269784, 0.7582783823651376, 3.076813944399265], [0.002389088660106775, 0.8650865072455332, -0.5016170125221736, -2.0371500104061324], [0.0, 0.0, 0.0, 1.0]]}, {"file_path": "./train/r_105.png", "sharpness": 383.867584375, "transform_matrix": [[-0.6619139266263943, -0.3763934328250107, -0.6482267639328096, -2.625004935307447], [-0.7495791368503465, 0.33356675850656087, 0.5717205044583555, 2.3141677148768838], [0.0010350571327379082, 0.8643270222309024, -0.5029291474082265, -2.0377521007946786], [0.0, 0.0, 0.0, 1.0]]}, {"file_path": "./train/r_104.png", "sharpness": 385.6602625, "transform_matrix": [[-0.78460792663335, -0.3086176189867131, -0.537722574130618, -2.172836001823316], [-0.6199905592948526, 0.39258935392259375, 0.6793270976281586, 2.7438500708438793], [0.0014518465843767932, 0.8663883450565909, -0.4993687292033506, -2.0197852117838293], [0.0, 0.0, 0.0, 1.0]]}, {"file_path": "./train/r_106.png", "sharpness": 385.24840625, "transform_matrix": [[-0.5259156877354998, -0.42656603070622334, -0.7358356547869939, -2.9246864865406006], [-0.8505363451961686, 0.26455775021805755, 0.4545295615247763, 1.8056015757518071], [0.0007841544624144631, 0.8648991954329774, -0.501944983893394, -1.9974165228174368], [0.0, 0.0, 0.0, 1.0]]}, {"file_path": "./train/r_107.png", "sharpness": 392.835565625, "transform_matrix": [[-0.3662259646718396, -0.4676771363107326, -0.8044604645269671, -3.2147678954227517], [-0.9305259490635279, 0.1840913264772971, 0.31659412760702355, 1.264945485097657], [3.0359041264560113e-05, 0.864516327030364, -0.502604734747724, -2.0105328723475537], [0.0, 0.0, 0.0, 1.0]]}, {"file_path": "./train/r_108.png", "sharpness": 407.819175, "transform_matrix": [[-0.1942316670935896, -0.2542955280521169, -0.9474216822119437, -3.8011819171422565], [-0.9809555026950478, 0.05094288622698914, 0.18743298555796178, 0.7528598924507122], [0.0006010249290590575, 0.9657839337916576, -0.25934731927189414, -1.0408074627868904], [0.0, 0.0, 0.0, 1.0]]}, {"file_path": "./train/r_11.png", "sharpness": 357.8705375, "transform_matrix": [[0.9889220276823465, 0.128602676556067, 0.07412539889823175, 0.292665827583497], [0.14843563385968422, -0.857771002034186, -0.4921338950630654, -1.9424158728647494], [0.00029288156004709815, 0.4976848999675388, -0.8673578584294173, -3.42677111200644], [0.0, 0.0, 0.0, 1.0]]}, {"file_path": "./train/r_111.png", "sharpness": 494.3354671845091, "transform_matrix": [[0.31129838809240756, -0.2439253691593898, -0.9184735858292796, -3.6164058776625927], [-0.9503121121176931, -0.08036218921041591, -0.30074708329046307, -1.1848483012293627], [-0.0004507047739457544, 0.9664586555255478, -0.25682185272972713, -1.012896277229217], [0.0, 0.0, 0.0, 1.0]]}, {"file_path": "./train/r_113.png", "sharpness": 473.61806718450924, "transform_matrix": [[0.6240218522435851, -0.20189272001450415, -0.7548748621739899, -3.000183549040287], [-0.7814061355230186, -0.16257142069053135, -0.6024740530028206, -2.3947919598522427], [-0.0010859534882926118, 0.9658208233383693, -0.2592083291979409, -1.0311488039436096], [0.0, 0.0, 0.0, 1.0]]}, {"file_path": "./train/r_109.png", "sharpness": 410.21076875, "transform_matrix": [[-0.02861118078206048, -0.25679569009161496, -0.9660421180772591, -3.829502434508289], [-0.9995905353406699, 0.006961103430261321, 0.02775436355579693, 0.11078191974199669], [-0.00040248184043992045, 0.9664406430836686, -0.25688970672054007, -1.0199633517236293], [0.0, 0.0, 0.0, 1.0]]}, {"file_path": "./train/r_112.png", "sharpness": 448.5514953071068, "transform_matrix": [[0.476269761668671, -0.2264243952151358, -0.8496464602327826, -3.3920255167531383], [-0.8792992110536257, -0.12252391622799963, -0.4602399237274257, -1.8375639236492203], [0.00010753466686475033, 0.9662918209412604, -0.25744922845658486, -1.0288831808460024], [0.0, 0.0, 0.0, 1.0]]}, {"file_path": "./train/r_110.png", "sharpness": 420.589021875, "transform_matrix": [[0.14292897767948565, -0.25465005432258614, -0.9564123886627413, -3.748928142912661], [-0.9897326316074978, -0.03754647148113218, -0.13791149484584292, -0.5407701107560767], [-0.0007907408209241896, 0.9663040993017548, -0.2574019471879556, -1.0104468424934967], [0.0, 0.0, 0.0, 1.0]]}, {"file_path": "./train/r_114.png", "sharpness": 508.1842312483498, "transform_matrix": [[0.7516365965693387, -0.1680027578677101, -0.6378224675104154, -2.577631083537277], [-0.6595772709734917, -0.19218486219608197, -0.726651775170085, -2.9369830842670255], [-0.0005003207860126849, 0.9668712696660097, -0.25526397628361497, -1.0318117465164878], [0.0, 0.0, 0.0, 1.0]]}, {"file_path": "./train/r_115.png", "sharpness": 518.3239375, "transform_matrix": [[0.854900529464307, -0.13254323183101008, -0.5015748961341749, -1.9910353265511074], [-0.5187919340839178, -0.21819430429721898, -0.8265870641993631, -3.2804488836008683], [0.00011773536374394458, 0.966862729285772, -0.2552967858611315, -1.0143079949007054], [0.0, 0.0, 0.0, 1.0]]}, {"file_path": "./train/r_118.png", "sharpness": 467.20379375, "transform_matrix": [[0.9997149924046884, -0.005176019762724547, -0.02330542416004449, -0.09257783621495055], [-0.023849520756281058, -0.26008608071104394, -0.9652908530489999, -3.8461350167933923], [-0.0010650518969356835, 0.9655715610214352, -0.26013539979337263, -1.0372793755533352], [0.0, 0.0, 0.0, 1.0]]}, {"file_path": "./train/r_116.png", "sharpness": 464.246696875, "transform_matrix": [[0.9317288701086344, -0.0939283321264952, -0.350797350395627, -1.3909127360944507], [-0.3631543924463017, -0.24217649128024957, -0.8997051930038785, -3.566848269471967], [-0.0004470632848205137, 0.9656749015630713, -0.2597533149743123, -1.0318792821699032], [0.0, 0.0, 0.0, 1.0]]}, {"file_path": "./train/r_119.png", "sharpness": 539.603709375, "transform_matrix": [[0.9886965200196043, 0.039526293995045717, 0.14462663447204704, 0.5748983161740338], [0.1499288841934922, -0.25600366018592174, -0.9549782487868018, -3.7935097298425564], [-0.0007218032352057671, 0.9658673812009819, -0.2590360610930833, -1.0290788646237639], [0.0, 0.0, 0.0, 1.0]]}, {"file_path": "./train/r_117.png", "sharpness": 488.4979875, "transform_matrix": [[0.9814509621095223, -0.04899505839740185, -0.18534695368820603, -0.7300534157490555], [-0.1917079759036476, -0.2580562635108477, -0.946918696001799, -3.7259414839721385], [-0.0014356055136969087, 0.9648867545619335, -0.2626623115757568, -1.0346350219147298], [0.0, 0.0, 0.0, 1.0]]}, {"file_path": "./train/r_120.png", "sharpness": 471.453125, "transform_matrix": [[0.9471985937898264, 0.08445679923868894, 0.30932486644222607, 1.2244496463681243], [0.320646742500721, -0.24737935154255575, -0.9143244079395794, -3.619773658132807], [-0.0007003280839207077, 0.9652308042672562, -0.261398171471671, -1.03602523890008], [0.0, 0.0, 0.0, 1.0]]}, {"file_path": "./train/r_12.png", "sharpness": 339.043275, "transform_matrix": [[0.9483385901583103, 0.27513329805512454, 0.1579733734919552, 0.6273144197607919], [0.3172599113088163, -0.82282169515704, -0.4714982573193873, -1.8720078683228716], [0.0002590484027999952, 0.49725861107158015, -0.867602332075969, -3.4494419441635094], [0.0, 0.0, 0.0, 1.0]]}, {"file_path": "./train/r_121.png", "sharpness": 469.007740625, "transform_matrix": [[0.877132736880983, 0.12358930344338802, 0.46407310413406294, 1.81429344099399], [0.4802478608541244, -0.2265151616538191, -0.847380005479232, -3.313119083937727], [0.0003924895730841897, 0.9661348589245383, -0.258037362289591, -1.0091674751879676], [0.0, 0.0, 0.0, 1.0]]}, {"file_path": "./train/r_123.png", "sharpness": 466.840178125, "transform_matrix": [[0.6618412753190989, 0.19237191116394659, 0.7245406642098772, 2.8345917183129563], [0.7496439456293686, -0.16947306405189003, -0.6397756132755436, -2.5032703331454136], [-0.0002847310480628626, 0.9665774300955601, -0.2563747073575417, -1.0024068608096977], [0.0, 0.0, 0.0, 1.0]]}, {"file_path": "./train/r_125.png", "sharpness": 473.515115625, "transform_matrix": [[0.36187020003721515, 0.24008182045949872, 0.9007833689763866, 3.6522091954744265], [0.9322283081748456, -0.09259018440255895, -0.34982486931287066, -1.417874578285119], [-0.0005828932263583289, 0.9663269515291361, -0.2573166978617323, -1.0430176518672385], [0.0, 0.0, 0.0, 1.0]]}, {"file_path": "./train/r_126.png", "sharpness": 470.343421875, "transform_matrix": [[0.2009809585288415, 0.25405664914777815, 0.946077096936186, 3.80561910488315], [0.9795939558238153, -0.050617214385837356, -0.1945085584782049, -0.7816904190325341], [-0.001528405356387836, 0.9658639224270421, -0.25904545420734054, -1.0423260507738976], [0.0, 0.0, 0.0, 1.0]]}, {"file_path": "./train/r_124.png", "sharpness": 469.243390625, "transform_matrix": [[0.5212643123547186, 0.224754192714189, 0.82326731353633, 3.315250534147673], [0.8533947341573943, -0.1361839937167772, -0.503161353412383, -2.02607634403551], [-0.0009717931373193246, 0.9648520470657839, -0.26279190038058037, -1.0588428658642752], [0.0, 0.0, 0.0, 1.0]]}, {"file_path": "./train/r_122.png", "sharpness": 462.386040625, "transform_matrix": [[0.7799030377010305, 0.16342915674133282, 0.6041871916269759, 2.3980298576521033], [0.6259003339142478, -0.20340294018772062, -0.7529116919858698, -2.98860988220518], [-0.00015427172125219, 0.9653590806864385, -0.2609249347054486, -1.035772680465782], [0.0, 0.0, 0.0, 1.0]]}, {"file_path": "./train/r_127.png", "sharpness": 464.118621875, "transform_matrix": [[0.02515222858504422, 0.26041903332416233, 0.965168012573088, 3.925319729449678], [0.9996824974651096, -0.005097200983966082, -0.024676361240096797, -0.10038498619935511], [-0.001506538796723706, 0.9654822347610593, -0.260464555585241, -1.059494144957379], [0.0, 0.0, 0.0, 1.0]]}, {"file_path": "./train/r_130.png", "sharpness": 498.512509375, "transform_matrix": [[-0.47665547518676676, 0.22703669768144907, 0.8492666812579841, 3.445264274684439], [0.87908994371196, 0.12382222041968248, 0.4602922208715289, 1.8673556113431056], [-0.0006548604066861936, 0.9659826062878152, -0.25860621709815884, -1.0487790642850112], [0.0, 0.0, 0.0, 1.0]]}, {"file_path": "./train/r_13.png", "sharpness": 327.891746875, "transform_matrix": [[0.879740562373361, 0.41255692274828154, 0.23633308786972979, 0.9462753294141847], [0.4754540372858977, -0.7633224909614108, -0.43735824357271347, -1.750500037292112], [-3.6809777627930425e-05, 0.4971273079311901, -0.867677612001543, -3.477027669001902], [0.0, 0.0, 0.0, 1.0]]}, {"file_path": "./train/r_129.png", "sharpness": 479.51544375, "transform_matrix": [[-0.3132293694714178, 0.24071647342835048, 0.918663671609652, 3.6865175145642697], [0.9496762479772779, 0.0809681532689695, 0.30258747856448764, 1.2149944644802984], [-0.001544710221904489, 0.967212353927985, -0.25396432090746257, -1.0189087374867403], [0.0, 0.0, 0.0, 1.0]]}, {"file_path": "./train/r_131.png", "sharpness": 527.94493125, "transform_matrix": [[-0.6219445673094806, 0.2014384371490456, 0.7567083396182068, 3.0856610109228533], [0.78306072406868, 0.16113472948266955, 0.6007091653833685, 2.449982722810101], [-0.0009260781457263844, 0.9661563822734401, -0.2579553980558241, -1.0510458200484825], [0.0, 0.0, 0.0, 1.0]]}, {"file_path": "./train/r_133.png", "sharpness": 483.7242625, "transform_matrix": [[-0.8519806827030473, 0.13822264429822723, 0.5049984325902657, 2.0716503320917745], [0.5235722937447578, 0.22310747254360677, 0.8222500282262437, 3.3720530018751624], [0.0009846492420263414, 0.9649443280895883, -0.2624528036965421, -1.0756348989375146], [0.0, 0.0, 0.0, 1.0]]}, {"file_path": "./train/r_128.png", "sharpness": 476.157909375, "transform_matrix": [[-0.1464175425362303, 0.2540034954866802, 0.9560565503843219, 3.8742038662426506], [0.9892201075541002, 0.03988316574230718, 0.14090036160715816, 0.5719410835265655], [-0.0023413774944409382, 0.9663806482879672, -0.2571049602410051, -1.04128185291109], [0.0, 0.0, 0.0, 1.0]]}, {"file_path": "./train/r_132.png", "sharpness": 477.714028125, "transform_matrix": [[-0.7481415384786841, 0.17425002789358376, 0.640250861925545, 2.5794645804959018], [0.6635390471944279, 0.19586537325941483, 0.7220475665814979, 2.9089125207003965], [0.0004138345666113421, 0.9650252242045593, -0.2621567191671115, -1.0546813276421363], [0.0, 0.0, 0.0, 1.0]]}, {"file_path": "./train/r_134.png", "sharpness": 461.142734375, "transform_matrix": [[-0.9283442882765296, 0.09963591596298044, 0.35811948660905274, 1.4854613233052643], [0.3717168589322273, 0.24400910801520867, 0.8957042659221751, 3.7159206139255656], [0.001859898476765597, 0.9646409899385122, -0.26356081143196436, -1.0907716823422147], [0.0, 0.0, 0.0, 1.0]]}, {"file_path": "./train/r_135.png", "sharpness": 494.987284375, "transform_matrix": [[-0.9782797004722555, 0.05690972462110761, 0.1993241352722593, 0.8031376686572169], [0.20727360595704475, 0.25675077918412814, 0.9439897720112802, 3.807319058976603], [0.002545570928948982, 0.9648006636842189, -0.26296995919250643, -1.0608080793762604], [0.0, 0.0, 0.0, 1.0]]}, {"file_path": "./train/r_136.png", "sharpness": 485.3079875, "transform_matrix": [[-0.999542365267136, 0.009174070273199018, 0.028825275113553178, 0.11485681962703372], [0.030209820229575794, 0.2536615007857305, 0.9668211881112398, 3.895877365899463], [0.0015578229754848426, 0.9672495435343397, -0.25382256348630744, -1.0238833526156896], [0.0, 0.0, 0.0, 1.0]]}, {"file_path": "./train/r_137.png", "sharpness": 430.443603125, "transform_matrix": [[-0.9894961763315824, -0.0350618274926683, -0.1402425944305918, -0.5576311232434104], [-0.1445403622625106, 0.2555607211364447, 0.9559271946593236, 3.7946087667103185], [0.0023239441720324236, 0.9661570193704089, -0.25794420563242954, -1.0258057395584712], [0.0, 0.0, 0.0, 1.0]]}, {"file_path": "./train/r_138.png", "sharpness": 422.112828125, "transform_matrix": [[-0.9476868613419768, -0.08052268464877962, -0.30887814767528654, -1.234614577561511], [-0.31919331092341435, 0.24600151102768616, 0.9152042869402686, 3.655594874848028], [0.0022897848650508404, 0.9659189168055115, -0.2588347021886976, -1.0350007714200844], [0.0, 0.0, 0.0, 1.0]]}, {"file_path": "./train/r_139.png", "sharpness": 431.500803125, "transform_matrix": [[-0.8773970870279874, -0.1221980174136526, -0.46394180263212437, -1.8467002473646492], [-0.47976045735780226, 0.22763229493051002, 0.8473567382516664, 3.371455109876304], [0.002062823790895266, 0.9660492652337405, -0.25834968920811585, -1.0292136622671113], [0.0, 0.0, 0.0, 1.0]]}, {"file_path": "./train/r_14.png", "sharpness": 326.82185625, "transform_matrix": [[0.7847347706506772, 0.5371363659896438, 0.30931515332721593, 1.2429583407753182], [0.619831697036272, -0.6801065466086613, -0.3914891474985962, -1.574283175928311], [8.420273132186615e-05, 0.498938482780383, -0.8666374001422289, -3.488288843697271], [0.0, 0.0, 0.0, 1.0]]}, {"file_path": "./train/r_140.png", "sharpness": 398.8673, "transform_matrix": [[-0.7814593363361605, -0.15969803531879234, -0.6031731452766573, -2.444297131344987], [-0.6239544085380768, 0.20230838565713677, 0.7548193248444978, 3.0579920136212015], [0.0014838220943346808, 0.9662131517538385, -0.2577400699628961, -1.0448181473702365], [0.0, 0.0, 0.0, 1.0]]}, {"file_path": "./train/r_141.png", "sharpness": 402.0292375, "transform_matrix": [[-0.6615245257960152, -0.19787030124957003, -0.7233482188188007, -2.9385973581177174], [-0.7499232339311803, 0.1754038035247237, 0.6378468851685816, 2.5899756624038477], [0.0006670735342447533, 0.9644069937565658, -0.26442145416152474, -1.075039863831439], [0.0, 0.0, 0.0, 1.0]]}, {"file_path": "./train/r_142.png", "sharpness": 399.357409375, "transform_matrix": [[-0.526792622580419, -0.22208909039326263, -0.82046692117215, -3.247800366230923], [-0.8499935344967081, 0.1384641320079063, 0.5082702779634989, 2.011120388906881], [0.000723956374456913, 0.9651446109728185, -0.2617161741502944, -1.0373556160167188], [0.0, 0.0, 0.0, 1.0]]}, {"file_path": "./train/r_143.png", "sharpness": 411.846296875, "transform_matrix": [[-0.36780752167405834, -0.2423383487771287, -0.8977693198848641, -3.578978546652255], [-0.9299016613785445, 0.09660676032432408, 0.3548943984131929, 1.4145110893457467], [0.0007260630109429192, 0.9653700112319843, -0.2608835262354346, -1.0404855141664586], [0.0, 0.0, 0.0, 1.0]]}, {"file_path": "./train/r_144.png", "sharpness": 407.11590312147456, "transform_matrix": [[-0.19758206833106237, -0.0018030421011813954, -0.9802846909585864, -3.890551611362506], [-0.9802863335425949, 0.0005416964959779422, 0.19758140305839658, 0.7847466916149515], [0.00017476919402831075, 0.9999982278077594, -0.0018745270446730241, -0.007881846560059823], [0.0, 0.0, 0.0, 1.0]]}, {"file_path": "./train/r_145.png", "sharpness": 407.81551549584975, "transform_matrix": [[-0.026354936246332422, 0.001799858292976967, -0.999651028039359, -3.991866426606271], [-0.9996526415699155, -0.00016384376505699898, 0.026354683786999754, 0.10599650524710505], [-0.00011635189200425063, 0.9999983668386255, 0.001803551189008388, 0.0071739594930893], [0.0, 0.0, 0.0, 1.0]]}, {"file_path": "./train/r_151.png", "sharpness": 517.710553087461, "transform_matrix": [[0.8579174407047124, -0.0003617426138306216, -0.5137874405739474, -2.0579061457950414], [-0.513787294807636, -0.0016351100065424215, -0.8579160460729939, -3.433087862343949], [-0.0005297541923646462, 0.9999985977850769, -0.001588648151060192, -0.006992002453458064], [0.0, 0.0, 0.0, 1.0]]}, {"file_path": "./train/r_146.png", "sharpness": 419.4881953001927, "transform_matrix": [[0.14313425750964678, -0.004684995193071779, -0.9896921921293377, -4.01611055819788], [-0.989703124294501, -0.001240203451397432, -0.14312996771153452, -0.5805158494541593], [-0.0005568564617868341, 0.9999882562960489, -0.0048142699800645256, -0.020046337166573353], [0.0, 0.0, 0.0, 1.0]]}, {"file_path": "./train/r_149.png", "sharpness": 475.0088140290795, "transform_matrix": [[0.6203355970420489, -0.002307729532968929, -0.7843331061745749, -3.0954274280057463], [-0.7843350010231348, -0.003781001640969112, -0.6203259709190253, -2.4486682468004295], [-0.0015340201983550569, 0.9999901891646565, -0.00415552295596978, -0.01601234356758931], [0.0, 0.0, 0.0, 1.0]]}, {"file_path": "./train/r_15.png", "sharpness": 340.20155, "transform_matrix": [[0.6638781743345826, 0.6487691525455984, 0.37197359632374166, 1.4967171362603535], [0.7478407196083591, -0.5760404556294125, -0.3300176534276801, -1.327671358296221], [0.00016656656907622185, 0.4972685192058075, -0.867596675925521, -3.4948513691799183], [0.0, 0.0, 0.0, 1.0]]}, {"file_path": "./train/r_147.png", "sharpness": 501.05802029949, "transform_matrix": [[0.31913718500126, -0.0033740699241290887, -0.9477025233775563, -3.7115718535454056], [-0.9477075759665642, -0.0025548510392168385, -0.31912979051123885, -1.2496524294379274], [-0.001344472548662004, 0.9999910441613398, -0.0040129795976911724, -0.016319350578846183], [0.0, 0.0, 0.0, 1.0]]}, {"file_path": "./train/r_148.png", "sharpness": 460.7367233943139, "transform_matrix": [[0.47534905958767837, -0.0010139867972469537, -0.8797967057192557, -3.4505729620063548], [-0.8797968597008752, -0.0015369183223251995, -0.4753473714480291, -1.8647218417461346], [-0.0008701797181869583, 0.9999983048622721, -0.0016226750791763231, -0.006333356216216001], [0.0, 0.0, 0.0, 1.0]]}, {"file_path": "./train/r_150.png", "sharpness": 505.7687827743529, "transform_matrix": [[0.748070099988147, -0.0011273698904911476, -0.6636187569346, -2.556452832528133], [-0.6636193961471625, -0.002250390391731902, -0.7480669975345534, -2.8817771346876255], [-0.000650053065288171, 0.9999968323923767, -0.0024315942913174272, -0.009236508881109988], [0.0, 0.0, 0.0, 1.0]]}, {"file_path": "./train/r_152.png", "sharpness": 484.4689312319433, "transform_matrix": [[0.9339586097278014, 0.0020654492765503044, -0.3573752219295119, -1.442836757569166], [-0.3573762523276371, 0.00014081838577594333, -0.9339604886944822, -3.7667016007354577], [-0.0018787230138322068, 0.9999978570497241, 0.0008696610656298287, 0.004311764645228439], [0.0, 0.0, 0.0, 1.0]]}, {"file_path": "./train/r_154.png", "sharpness": 469.986859375, "transform_matrix": [[0.9996660040228282, 0.000825156913239386, -0.025830205799980424, -0.10252552372704032], [-0.02582837133090858, -0.0021614315072967395, -0.9996640552946942, -3.979400226596551], [-0.0008807099267994086, 0.9999973236686586, -0.002139397138706948, -0.00846784388686072], [0.0, 0.0, 0.0, 1.0]]}, {"file_path": "./train/r_153.png", "sharpness": 509.3542625, "transform_matrix": [[0.9805444118799421, 0.0012231718034664061, -0.19629355617627292, -0.7850218279837811], [-0.19628489090237394, -0.005164561844437131, -0.9805333084114989, -3.9230635197869463], [-0.0022131309057454905, 0.9999859154839463, -0.0048239921123729105, -0.020125698503862498], [0.0, 0.0, 0.0, 1.0]]}, {"file_path": "./train/r_155.png", "sharpness": 545.459934375, "transform_matrix": [[0.988091235119615, 0.0022979924982480552, 0.1538519753686695, 0.6010081376734749], [0.15386508624914472, -0.007501832916108524, -0.9880633875093457, -3.8592549765381485], [-0.0011163904392610586, 0.9999692204002821, -0.007766076165681469, -0.030888467283038703], [0.0, 0.0, 0.0, 1.0]]}, {"file_path": "./train/r_156.png", "sharpness": 485.77755, "transform_matrix": [[0.9455724204432056, 0.0006053811053351848, 0.32541117255783514, 1.2644048723329446], [0.3254116982644907, -0.0012796393985500028, -0.9455715674424814, -3.675392843509382], [-0.00015602220353856406, 0.9999989980251477, -0.0014069898169657806, -0.0048137429121801086], [0.0, 0.0, 0.0, 1.0]]}, {"file_path": "./train/r_157.png", "sharpness": 475.736678125, "transform_matrix": [[0.8764163152073227, 0.00045238331202277654, 0.4815539822307859, 1.881944548722258], [0.48155418989942433, -0.0006818716402108137, -0.8764160525922475, -3.4263833300696676], [-6.811799286788635e-05, 0.9999996652074327, -0.000815450509703091, -0.0033977889861594897], [0.0, 0.0, 0.0, 1.0]]}, {"file_path": "./train/r_16.png", "sharpness": 348.093621875, "transform_matrix": [[0.5239525062269091, 0.73782278174241, 0.42554825105386473, 1.7083021266882428], [0.8517471878610691, -0.45345712570577296, -0.2624945011184448, -1.053022238723584], [-0.0007065362352929507, 0.49999417786611683, -0.8660284769689194, -3.4808095372632692], [0.0, 0.0, 0.0, 1.0]]}, {"file_path": "./train/r_159.png", "sharpness": 478.65395, "transform_matrix": [[0.6593592662396008, -0.0037788290352446727, 0.7518185143301992, 2.9775981850626665], [0.7518277836843988, 0.0025365539683505287, -0.6593546462823875, -2.611543583906345], [0.0005845602458916781, 0.9999896431261976, 0.004513529021838991, 0.01942929180712156], [0.0, 0.0, 0.0, 1.0]]}, {"file_path": "./train/r_158.png", "sharpness": 471.283025, "transform_matrix": [[0.7796021263627133, -0.0032031833224092886, 0.6262669272777459, 2.441567193851612], [0.6262751110124563, 0.0038284778998336315, -0.7795927321898966, -3.0389315394556333], [9.952934754256775e-05, 0.9999875411164608, 0.004990763502278074, 0.02095124599356515], [0.0, 0.0, 0.0, 1.0]]}, {"file_path": "./train/r_160.png", "sharpness": 479.29645, "transform_matrix": [[0.5168183604970555, -0.002887695360163548, 0.856090207561804, 3.414908037922011], [0.8560950693898958, 0.001602995820404702, -0.5168158884658164, -2.062196246849517], [0.00012009781857053557, 0.9999945458023654, 0.003300599431521261, 0.013649219749236668], [0.0, 0.0, 0.0, 1.0]]}, {"file_path": "./train/r_161.png", "sharpness": 483.479053125, "transform_matrix": [[0.36654959294998346, -0.006985955949833937, 0.9303722869594938, 3.7137914573268307], [0.9303983906039831, 0.003268457995227658, -0.3665353351913749, -1.4625320273115974], [-0.00048028303414644237, 0.9999702563658444, 0.007697774120280612, 0.0322008514796764], [0.0, 0.0, 0.0, 1.0]]}, {"file_path": "./train/r_162.png", "sharpness": 478.9378875, "transform_matrix": [[0.20039130475250563, -0.00809432878626917, 0.9796825030772257, 3.8812597142838037], [0.9797142659489574, 0.0035047083825866885, -0.20036884517122536, -0.7927926218883761], [-0.0018116501694673097, 0.9999610986809562, 0.008632442470752788, 0.03575445535126414], [0.0, 0.0, 0.0, 1.0]]}, {"file_path": "./train/r_163.png", "sharpness": 489.434934375, "transform_matrix": [[0.02356918058185284, -0.003788345378235874, 0.9997150304864708, 4.0536821583694636], [0.9997200076852647, 0.002187488884670014, -0.023561008598010476, -0.0952350390286416], [-0.00209760827899785, 0.9999904316273467, 0.0038388419911879594, 0.015946403538084644], [0.0, 0.0, 0.0, 1.0]]}, {"file_path": "./train/r_166.png", "sharpness": 505.269271875, "transform_matrix": [[-0.47619574569847584, -0.0012060095925836918, 0.8793384771145326, 3.5927759516500566], [0.8793386794399424, 0.0005388759519652751, 0.4761965943321397, 1.9456796710774755], [-0.0010481520196750204, 0.9999991275836911, 0.0008038804467493483, 0.002441860422067716], [0.0, 0.0, 0.0, 1.0]]}, {"file_path": "./train/r_164.png", "sharpness": 491.03729375, "transform_matrix": [[-0.14445376754971118, -0.004524614971451359, 0.9895012061208538, 4.0351749460706], [0.9895094932142363, 0.0013787333103089036, 0.14446128177946616, 0.5893960865516709], [-0.00201788995180408, 0.9999888134216259, 0.004277986246269957, 0.017780693722034224], [0.0, 0.0, 0.0, 1.0]]}, {"file_path": "./train/r_167.png", "sharpness": 533.685125, "transform_matrix": [[-0.6207843395987167, -0.0011048967578783525, 0.7839806011163223, 3.256369561325838], [0.78398136849024, -0.0007057992418684333, 0.6207839525210059, 2.578653629698538], [-0.00013256926257589063, 0.9999991405322092, 0.001304367588534438, 0.005927421191626715], [0.0, 0.0, 0.0, 1.0]]}, {"file_path": "./train/r_168.png", "sharpness": 489.7166875, "transform_matrix": [[-0.7476509760241764, -0.00123568958019324, 0.664090725078982, 2.778385142807866], [0.6640916944834139, -0.0021279048461185866, 0.7476481079619713, 3.12826993942958], [0.0004892608954981713, 0.9999969725488169, 0.0024115413222531527, 0.010112799946646345], [0.0, 0.0, 0.0, 1.0]]}, {"file_path": "./train/r_171.png", "sharpness": 530.0439561890527, "transform_matrix": [[-0.9789719284234213, 0.0036538460341660967, 0.20396228274525724, 0.8788694629545346], [0.20398175896009832, 0.0061384104948168355, 0.9789554443018043, 4.2199194464295715], [0.0023249482508372094, 0.9999744843446393, -0.006754649500583983, -0.027906569696809016], [0.0, 0.0, 0.0, 1.0]]}, {"file_path": "./train/r_17.png", "sharpness": 354.0473375, "transform_matrix": [[0.36803117595197316, 0.8053936727651918, 0.4646440416187139, 1.8721512993967486], [0.9298127736041142, -0.31818095127886253, -0.18495699036777216, -0.7455112608298566], [-0.0011223066075984368, 0.5001019037417107, -0.865965834381685, -3.4931335117312163], [0.0, 0.0, 0.0, 1.0]]}, {"file_path": "./train/r_165.png", "sharpness": 494.95410625, "transform_matrix": [[-0.3127188573576499, -0.0028146355372625207, 0.949841562627309, 3.8693763793071505], [0.9498449597163771, 0.00034924416584260036, 0.3127210106946901, 1.2741532783147382], [-0.0012119222941723243, 0.9999959779268501, 0.0025642521420262436, 0.0104439542808825], [0.0, 0.0, 0.0, 1.0]]}, {"file_path": "./train/r_170.png", "sharpness": 495.87224061163084, "transform_matrix": [[-0.9292903318768442, 0.0013137180290901085, 0.36934774026618217, 1.5231521457792], [0.3693451070876498, -0.0018821022253947307, 0.9292904010919448, 3.832073696337182], [0.0019159757580744221, 0.9999973659218936, 0.0012638040755259417, 0.006265870282813471], [0.0, 0.0, 0.0, 1.0]]}, {"file_path": "./train/r_169.png", "sharpness": 497.316096875, "transform_matrix": [[-0.8507481761739142, 0.0017274734548524157, 0.525570696088349, 2.1310530429407577], [0.5255708950607046, -0.0003732879987100278, 0.8507497251960542, 3.4492196648394824], [0.0016658368003226957, 0.9999984382518329, -0.0005903356857702505, -0.0022775795076516473], [0.0, 0.0, 0.0, 1.0]]}, {"file_path": "./train/r_172.png", "sharpness": 495.7368155811618, "transform_matrix": [[-0.9995158734831947, 0.002614387738513811, 0.031002961898013385, 0.12483477273455326], [0.030989693239157082, -0.004971589967078126, 0.9995073397460092, 4.0551673617263875], [0.0027672337479084396, 0.9999842240178212, 0.004888164014519622, 0.020145562407187987], [0.0, 0.0, 0.0, 1.0]]}, {"file_path": "./train/r_173.png", "sharpness": 440.6079077476344, "transform_matrix": [[-0.9896524504334122, 0.003351748116128959, -0.14344613327057337, -0.5811225689855423], [-0.14345010346233045, -0.0009745093106061399, 0.989657070983809, 4.002970933953957], [0.00317729163084109, 0.999993908046815, 0.0014452341412499198, 0.00568393731229541], [0.0, 0.0, 0.0, 1.0]]}, {"file_path": "./train/r_174.png", "sharpness": 419.68901715632563, "transform_matrix": [[-0.9502211670517673, 0.0022988466600709066, -0.3115677277982767, -1.2562432390477385], [-0.3115630839506971, 0.002167671831880857, 0.9502229979946609, 3.8278401348599287], [0.0028597935525340656, 0.9999950082462588, -0.0013435319029335858, -0.006131284342958023], [0.0, 0.0, 0.0, 1.0]]}, {"file_path": "./train/r_175.png", "sharpness": 419.35964997256826, "transform_matrix": [[-0.8794494790168501, -0.0003357196174639147, -0.4759921230061474, -1.9024852661107359], [-0.47598874713219463, 0.0044519793671049775, 0.8794401017029188, 3.5125543649691786], [0.0018238618160018017, 0.9999900335436475, -0.004075089695098562, -0.01662281863864355], [0.0, 0.0, 0.0, 1.0]]}, {"file_path": "./train/r_179.png", "sharpness": 399.748346875, "transform_matrix": [[-0.3657640471572452, -0.0030741517382264255, -0.9307025364813467, -3.7095992771223654], [-0.9307073449145522, 0.0019678233957153655, 0.36575943705281144, 1.4581320643547726], [0.0007070582165510167, 0.9999933386161858, -0.0035808946514566745, -0.014933325712138316], [0.0, 0.0, 0.0, 1.0]]}, {"file_path": "./train/r_176.png", "sharpness": 403.1435935183985, "transform_matrix": [[-0.7825649346808763, -0.0020036979820282443, -0.6225657460998658, -2.4467713028696116], [-0.6225672279362704, 0.004884611582909461, 0.7825510764604657, 3.0744045863088236], [0.0014729958417842642, 0.9999860627922035, -0.005069962442613792, -0.020970238965173263], [0.0, 0.0, 0.0, 1.0]]}, {"file_path": "./train/r_177.png", "sharpness": 395.4245312412109, "transform_matrix": [[-0.6623419849442036, -0.0021933581847205694, -0.7491984277710516, -3.1054130440592296], [-0.7492009232920562, 0.0033207246357593746, 0.662334469377991, 2.7444641983403497], [0.0010351449467387742, 0.999992080959814, -0.003842721323804776, -0.016140315624997674], [0.0, 0.0, 0.0, 1.0]]}, {"file_path": "./train/r_178.png", "sharpness": 391.007275, "transform_matrix": [[-0.5221015148362226, -0.0002265310053800081, -0.8528833196305317, -3.3659561915364145], [-0.8528830732378148, 0.0009438563090719988, 0.522101113310142, 2.0601472537016536], [0.000686727212027392, 0.9999995289166609, -0.0006859932688063368, -0.003341477390663394], [0.0, 0.0, 0.0, 1.0]]}, {"file_path": "./train/r_180.png", "sharpness": 394.033090625, "transform_matrix": [[-0.1973715739150216, 0.2576789967525822, -0.945857281230874, -3.808485692108452], [-0.9803285323269698, -0.05252479171986611, 0.19025539403768846, 0.7664577724734757], [-0.0006561376309717013, 0.9648018868668815, 0.26297697350925364, 1.0590730233371006], [0.0, 0.0, 0.0, 1.0]]}, {"file_path": "./train/r_18.png", "sharpness": 348.720621875, "transform_matrix": [[0.19924510381569416, 0.8495338880013424, 0.48846039937477664, 1.9845826656458228], [0.9799474056887195, -0.17165283412795732, -0.10118491300480474, -0.41086890424139716], [-0.0021144006400950696, 0.4988260996452125, -0.8666995163476495, -3.5243284696163406], [0.0, 0.0, 0.0, 1.0]]}, {"file_path": "./train/r_183.png", "sharpness": 505.380121875, "transform_matrix": [[0.3171105332339254, 0.24410778928981364, -0.9164345568204562, -3.6744504657466615], [-0.9483877131586572, 0.080310820604069, -0.30677502770531323, -1.2295754431207708], [-0.001286562534288242, 0.9664168662210039, 0.25697623519499213, 1.0318809482116265], [0.0, 0.0, 0.0, 1.0]]}, {"file_path": "./train/r_184.png", "sharpness": 477.850625, "transform_matrix": [[0.4769173781197799, 0.22611907459116112, -0.8493644556772799, -3.3759794060293276], [-0.8789468435762035, 0.12103903033069095, -0.4613046708023197, -1.8336247838820878], [-0.001503535153867662, 0.9665504214768161, 0.2564722638797468, 1.0208037022407932], [0.0, 0.0, 0.0, 1.0]]}, {"file_path": "./train/r_181.png", "sharpness": 397.581228125, "transform_matrix": [[-0.026474532294474787, 0.256749358480223, -0.9661153482241925, -3.8768272455023696], [-0.9996494555736841, -0.007046397607754735, 0.02552085915466002, 0.10296551316144532], [-0.0002551686627189943, 0.9664523346835674, 0.2568459065046738, 1.031600082456097], [0.0, 0.0, 0.0, 1.0]]}, {"file_path": "./train/r_182.png", "sharpness": 419.03015625, "transform_matrix": [[0.13946133348449394, 0.2566003436872053, -0.956403053161639, -3.8332142858794778], [-0.990227513232386, 0.036228921644179575, -0.1346734468041354, -0.5400464928555976], [9.219853776541546e-05, 0.9658383554563692, 0.25914525394715954, 1.0400063616894268], [0.0, 0.0, 0.0, 1.0]]}, {"file_path": "./train/r_185.png", "sharpness": 493.253715625, "transform_matrix": [[0.6204668690983295, 0.20245331924477716, -0.7576499969594528, -3.0742130554017266], [-0.7842308227060398, 0.15808503174557792, -0.5999926161677401, -2.4347543325679584], [-0.0016973728441444496, 0.9664480204744539, 0.25685665780938893, 1.042596917231058], [0.0, 0.0, 0.0, 1.0]]}, {"file_path": "./train/r_187.png", "sharpness": 530.977209375, "transform_matrix": [[0.8574706683613358, 0.13245560056778818, -0.49719168013228143, -2.0034173521229657], [-0.5145296642713497, 0.21733640335628188, -0.8294721890220126, -3.338560621979861], [-0.0018103854125717132, 0.9670679405648167, 0.254511926736164, 1.0245783488711764], [0.0, 0.0, 0.0, 1.0]]}, {"file_path": "./train/r_186.png", "sharpness": 514.64318125, "transform_matrix": [[0.7475965230034313, 0.16875863058395382, -0.6423550135331545, -2.5446342736229615], [-0.6641525009910004, 0.18858396310647274, -0.7234207242583373, -2.8659904383156434], [-0.0009456365884949565, 0.9674485068863097, 0.25306618167875566, 1.0032683143044832], [0.0, 0.0, 0.0, 1.0]]}, {"file_path": "./train/r_191.png", "sharpness": 543.32770625, "transform_matrix": [[0.9886473871764997, -0.03740206551386948, 0.14552466917655882, 0.5686128386868443], [0.1502522446401356, 0.2511171730249028, -0.9562240471733513, -3.7360090945160547], [-0.0007789890706865734, 0.967233813987563, 0.2538860812838554, 0.9935864099928192], [0.0, 0.0, 0.0, 1.0]]}, {"file_path": "./train/r_188.png", "sharpness": 491.509328125, "transform_matrix": [[0.9349587052356341, 0.08840975769505473, -0.34356358110687324, -1.3289046034922762], [-0.3547512937908602, 0.22772118904837627, -0.9068045983629033, -3.503288260586944], [-0.0019336676146502856, 0.9697044780841836, 0.24427338399344595, 0.9455743776629917], [0.0, 0.0, 0.0, 1.0]]}, {"file_path": "./train/r_189.png", "sharpness": 487.549115625, "transform_matrix": [[0.9813732772792445, 0.05010556553637223, -0.18546137861842252, -0.7437153728881207], [-0.19210159802665872, 0.24658965416887152, -0.949889740176449, -3.804547136649578], [-0.0018619054135396588, 0.9678238345757182, 0.2516218562644275, 1.0074864883488073], [0.0, 0.0, 0.0, 1.0]]}, {"file_path": "./train/r_190.png", "sharpness": 470.42283125, "transform_matrix": [[0.9997991638005966, 0.006581620932335204, -0.018929192906749034, -0.07638200593963189], [-0.01998593710543651, 0.25763055316780864, -0.9660367800412508, -3.8716237214597053], [-0.00148134945333927, 0.9662210825447545, 0.2577103514886658, 1.0332960652731369], [0.0, 0.0, 0.0, 1.0]]}, {"file_path": "./train/r_19.png", "sharpness": 343.863525, "transform_matrix": [[0.019110613463220006, 0.8670629475298777, 0.4978319289563803, 2.0402704696741756], [0.999815777195814, -0.015682770596166018, -0.011066272035330046, -0.04395268519875865], [-0.0017877705118510018, 0.4979517002097607, -0.8672029221291737, -3.5550755820900304], [0.0, 0.0, 0.0, 1.0]]}, {"file_path": "./train/r_192.png", "sharpness": 463.764465625, "transform_matrix": [[0.9468570774577048, -0.08203931927806818, 0.31101643843246596, 1.2221236114868341], [0.3216539591711205, 0.24341338882447877, -0.915034782229904, -3.595917266227811], [-0.0006367346090697342, 0.9664468284634579, 0.25686596180991617, 1.0100223975305493], [0.0, 0.0, 0.0, 1.0]]}, {"file_path": "./train/r_194.png", "sharpness": 464.973765625, "transform_matrix": [[0.7827644738685965, -0.16122088049648728, 0.601072047391764, 2.3702666685862366], [0.6223175155136288, 0.20149909217543704, -0.7563855007451034, -2.982933449115219], [0.0008296645434302617, 0.9661293617101087, 0.25805690867119946, 1.0190978948811893], [0.0, 0.0, 0.0, 1.0]]}, {"file_path": "./train/r_195.png", "sharpness": 467.717353125, "transform_matrix": [[0.6579869537306895, -0.19432099338960612, 0.7275249275886391, 2.8512045570030518], [0.7530291401748854, 0.16911279167705212, -0.635883619649593, -2.4918801296733637], [0.0005317651313274385, 0.966250596498349, 0.25760338120258097, 1.0111727200654503], [0.0, 0.0, 0.0, 1.0]]}, {"file_path": "./train/r_21.png", "sharpness": 333.422828125, "transform_matrix": [[-0.3206776494024401, 0.8218388721755834, 0.470899897398015, 1.9056921193123078], [0.9471873338270536, 0.27898158172409215, 0.15813105860748194, 0.6410520849749942], [-0.0014141473479068762, 0.4967395144876259, -0.8678985280252804, -3.5120037269573823], [0.0, 0.0, 0.0, 1.0]]}, {"file_path": "./train/r_197.png", "sharpness": 478.362090625, "transform_matrix": [[0.3669617845653039, -